421476765404495892
259769282123137024
706345799910686802
792858066957107252
705177189347360878
679816382866915379
787091908840259584
762353200618799144
711280928894222470
562398313077538860
802668911178416158
823346901999026206
289232666602110977
710718763187830805
405882227558187010
763482250502209587
642356773054971905
799058970274562068
732148869437063201
799336506736640082
821819071892029481
801945839005466634
322871973216780290
814577607819132959
249741140704755713
433118841590120449
694745080241717299
193103837958111232
820691561372581969
420750432843988993
701383993458950195
587067434809294861
593502204141371422
737216987746271306
334751318227025922
794934169708003368
804192589087244339
785000246353592340
688744862928863283
720856849477271552
451873717031665664
443871584151666708
747503930908606615
771292925077618688
731756200298807357
727794995049922571
591273487214051338
811785904443752468
745678463452577902
819480168031977492
597678399410143242
599710009030344718
779862857860775956
815062652556148781
703666477269647372
309465030104055809
799399047772897300
767719653686116382
351608715633229824
700724752704077899
218859371080187905
199618062775877632
548671813962694657
821711852282839081
500707919269199882
688851194026000481
481538388575649814
789911851395317791
535498402683813889
574824729421152276
349278934434578432
665456680410021928
788964579219734538
148523352754094080
822635446122971186
612448132105764865
766273119353700383
766462351369043979
734504667177943123
475873488922607636
232193619707166720
495632213665251328
471026798566703134
754951625797402654
314914415399010305
503708305638555658
422132922162741248
521165891778379787
701828709501501461
264063120257974273
821744068806967297
633525164461523005
742224913087070278
792553121766572072
539245131375706133
350014782147133440
812857665850966027
770292245760311368
757672774474006709
508683616172376084
690442855323533346
552237694500077586
490928668697427988
555141013736521739
518233373366288405
324161818975141890
308047939547430912
434336045765754880
691329852237676604
752324749077512232
384812041883615242
509897279273041926
780932808876097538
394217551032221697
757767301167841320
248406884590026754
761194452034781186
690369916263596044
716727838392451192
610144974805270572
376421647101460480
795678442849828914
753211978285318245
755140162727444542
281496214464233472
742440053451522078
190867155393314817
726512329742745613
736027457785823303
194184550950109184
780733265434378241
708249403160264714
782954279370752002
721456363917541506
805846699753996359
644354190587723787
696185970076287018
684243503118549003
786015802449068092
804518461103407135
776949257651093545
178615212671238144
142701771448385537
800152257864663040
793428295680262156
444300366327185408
314894504962293762
752863058111496252
747292116195082281
538900507671003137
671512112245506144
588125875770228777
662374705654923310
815148281037324298
711758617984106527
767111605543632896
628704910803992618
186635218650791936
521827983862923267
790221351965294648
332986972018573322
729710867033096224
458796441775898625
488084021168046092
581357115206139916
796584321157693451
605244109002768386
806686414510358558
819479201266532392
764471113018900481
689605507249340490
553876062619303938
805299685203902464
784802061648789524
478027188780793877
503275024686252053
740289405519921253
367320583786070017
647188608209387540
691237295163965451
768158601008513034
744828089544212562
783926670645788682
302962215852441610
442065623183523851
736831043436544062
657423169786740746
570402014165729280
787415407895511102
662050373908824104
435510591256264745
721479509844688907
643945283897655296
694875084002951180
659785259314839554
814000540031254538
690870655704367104
691846679577624597
697569815849730130
520839478819028992
336691166638768138
820772212351959100
700030330895073341
798201984590676009
728411522400911376
696554382518517760
283303411535970304
821596313749159987
798137559993155624
381879145896083457
704655894419472444
441353653316747265
751703644121989122
422820448057819156
408966007638589440
746844690065915975
699062000499687514
698222960812752958
773371194656948244
802059404069306368
731322697639919736
777400304009609216
434793190076317697
307084940082937858
595732024757714955
238502367522324480
812823641300926474
664678788881449011
537777357331628057
383309456844390400
463809776892117012
812853096405270529
680245233950392344
173609665517584384
703369836134137947
691341856381861950
726208690176131110
785573502048010270
650735706523828244
810108652668715038
823328832647725146
586038238553178152
428008966577061900
715035107609804860
316365999706210306
162379838374674432
657819819059445781
370013387335270412
780983568104161301
373861827227942917
549118530201583619
802424291785834507
701530382675345520
812856935887011860
597912280910397640
777906574098169876
709890111189286973
269682786183413793
805979539993395211
733119195071643738
786214783154257941
426442765342212114
398279841251852288
408471596655837185
792495160080465930
755443963871232059
799837203337445438
806219973848465489
492859338675978252
822993192026636318
810621624620941312
796221180435628053
704130832595419144
800325735566934046
761325408539901952
686093516006359045
312926900425064448
517412891079737344
356566423830790145
790094210266562601
502629300009172993
807811909662670918
431662053569069056
574414485197029386
791460792696307733
686271259541241891
821820714704699442
808128777908649995
741747644698722767
757707711826886698
676104630253649940
293850323506692106
687518084382326791
756879530593091644
808351972226105415
640325197056049193
345807712627458049
429761452367282177
812848899449421824
798894626596978718
291997042127929356
610026724863901717
104028044271824896
707376947940032513
760600434406326326
392831496416657409
817423287003906068
687292857048236053
71014248251142144
314554735522873349
513887591624605722
699125707845926963
656328181061779466
728905284369645628
812530523003027466
412819203259891723
755019863977885786
772631612696690710
774477944025382963
454103011929620490
715709669401690152
508013358977646642
646453913415057422
403602332480176128
716676077556072458
670326580714930188
787282399733481513
754156318238965930
788419780893474836
750880576281509989
755831764135444481
779781402253983745
742487349698756689
787568227114024960
436519863687839754
398301600843694092
110076402547580928
726799888037445755
767447307846680616
386512347180564490
733803740825649222
785345255771602944
636568294148800522
669451621696274442
696241520856268840
821605885280256031
809185766642679819
375746251624415252
715989114083868763
156256895823249408
786550152616869908
718055414310240337
791666687384354837
693708609183547413
774272918430547968
584831919917760512
781008522627383308
713271938197225820
721004493537542234
758893310466588703
590251322851459091
160980345339117568
701833782252011633
610171225054117888
403292799627296788
807195325692510248
792592341789573141
729433798630178877
777969072318447656
419272170921918465
531976480100581388
670451638523396119
523522924385402920
527662197820620831
775790659579019334
409469951338872842
803893408368164895
810747549195436093
804121221369036810
783901352408514641
602262579624017932
688769558722510865
799396158422253578
780677304501403690
713814568823947264
298166960741416961
690002113102610460
516335862494134283
788850275724296202
764270732783779850
230160532521353217
545714544148873247
736397297289658398
623643024148267029
598339146691379212
717467346595348480
338057611855527946
501441042575523850
412283414817931265
273193208253513729
782999257505726505
415633607906951178
522518415605497878
555561137664557060
483588186040172544
542118703756607503
380609072443031552
776342085741314068
238068805539069953
327838643240566785
285465193717301248
348335695523348491
765247891886571540
779736161790591006
713733523655098430
781346818801401906
417012671045697537
774614088952315934
294917610599088130
806486057419669536
231849268019855360
494997386461184001
819480321941831720
540698294049832961
763804890300022864
812800807585579019
487776754010685481
494966755278716928
587054241328267264
760161842634031144
438133109012037653
376098777691455508
768252860835692564
763447192924848209
615341145811320832
793225338704232450
707668348556541972
713831308039815310
756445650572541953
755918723734569070
385246250687004676
223590617127714816
243562063127904256
742454254312358039
791211455730810891
643097348108714007
801245251317923850
809119900680585236
810247490628223027
416645587941720064
821585950474764308
742176891556986983
723150503625883778
391760732645097474
717135920519708674
807975620495409152
571359552600014858
683698145779384380
422448656197615616
397169426115461121
549143489888256011
416030564504698881
761637569858371585
777567524845125662
812093262248280084
733416844232359967
479078559533629480
470724383644844034
788260171700764672
799404550515589170
690594254455570512
120313215233032195
793477663134187540
755510072469356575
707516568791154698
821613224100495383
419688002466611211
331760242960629761
765012525803765781
695148297794486302
602292214596501545
809471868049293316
375055964295921665
641121758602199081
560508361963995137
805386862994128938
821600361298919457
296798186553737216
766048182139355146
752388917788934154
567154108608413728
608868638988173324
507589196496633886
274631653773803521
678276189407805461
773707561228304405
719324290499215380
737395477649031179
416708255797084161
823790696221376513
395475704588009473
757025600371163156
810515524051664906
284389062352306180
749595523358523443
812857221741281330
636628495308423178
821837803829723187
729914408884633601
489898714526121984
760955730442059776
720206496084000841
760660503491117078
289581240045142018
808704219707080705
733093748157841529
391772705340522497
624422448179183636
799026843654160414
801934024364261427
325475814139494416
819480174075969547
777766960825630740
586590988534022156
345693670348947459
802705305796214835
402017024454164480
312024770814279683
819480136076099605
710902053437702215
791006527661408307
252180066258255872
721636578207989832
727533727340560414
712875079024771092
492817423695609877
670714103525802024
230373800162754560
710820395191631924
804257174514827265
648308812197134336
812857208220024882
377291635652034560
498162717698424832
483727165406314497
725864093898113194
445609030308593664
201148745646080000
545345050285178901
701837417312944239
292289657004228608
760209490364071946
335871681375764480
242746279573061645
758158673951981591
770481892758781952
811894654785945670
204784595357401090
726584114479890492
770089366503948349
469393510643269672
366658784820592661
692301212220915783
214179462714097665
810407109887262730
821595067252211752
817025636249108581
807755366229213186
793651416417435689
812849947233484830
389922855376125952
746866836880097330
823988383474778225
479805231660662786
812857018296696902
219507845731713025
697907837442981990
808081160143503430
534150319337373728
150350768023535617
772071383148658708
708476618154180759
763962816712933436
700227034470809610
651095740390834176
716805994411458580
712489991170949150
730344623318368287
789806085945950219
291260295186350090
595405257484271629
781466999653924874
619697939844956160
344590917451382805
561624501553463489
560598534827802626
630578363219574797
779811938707963916
614246642564071424
224231721917218827
796150255372337232
547521639907065869
546872329347792899
744334221790675027
684823543875239947
318516718387462154
266371767533174785
131189716555923456
801190581975908352
674335032156094469
756683500937150604
347802943015092224
480926206036934658
483724832941277195
112619771027025920
529758678644031508
719943301590941911
757299308520407134
478095829530312706
759990420398145536
785867827731103745
702609044141244578
704802341378981918
726428043891179552
812141692005384192
515547013698289674
808058380228493352
534922564007362570
344704700073115658
819250272781336577
506549463536631819
460481663311544333
774032969312370718
748084467327041557
668199286734848024
776258016852049970
756070295458283521
468882650455605254
197135761332633600
756206696094892143
780365117765189643
739817300500152330
802754698536026152
456315895627644940
573696609439973376
682134766262419506
758329129245605891
759160901856264253
278304087957831680
347583386547912714
194545522495717378
824369210175258664
345074417862443010
786970443721998376
206527353621446656
809347373364019242
457231158707617803
819558669120700487
725156664730451978
697854734455013457
506492963690643456
660172963282157569
450705040844390431
387332763382185996
713856819230933052
351919462238257163
242102542597619712
541354525835919360
785543108401561612
465647285569585165
589696943148498946
705113945454805003
763499219960070154
454826771704184848
339116645895372800
718293346870624296
650601033592078353
650937410930081822
763116085716582479
823354823277281328
761305707592548383
301519284637794305
821618123165270026
430987505907793930
803687468028395561
720362732120965120
809062340615209011
509884765734699008
216660416921600002
785636289671200769
675572778686087200
819480052856389636
640890154609016862
719935649955971172
764946343331627049
819631582574280724
438093109725757453
680230672539189248
695066698658611211
731892525643858060
539660238572355596
644764623714910215
754725848082415736
805280258349465670
206503074934685697
397542388576419850
808870383855206410
593936423871053834
475513833025437697
661857573171101696
515711285879635981
332959663265939467
734836672444760115
610259219417006102
799350216632303616
409918514074222592
750786830110031955
629142521036931103
226111660262293514
808127627113267201
536227979001462784
783933815864950784
615640373842149384
347866786026356736
798358332879929374
625449822396088330
743687016713289741
750001494274605087
329728303357493257
410670105916342273
821617497639092275
684572047371796550
700751978770333790
383446756773462016
690615406783758367
295334618180091915
347146696121384961
765042240485589024
696631845147902013
781642879885639721
799831348684521532
280001864953495552
480444364171247646
821826182970081392
702521143768383540
694424696887836765
289610808097374210
723475932471623811
138114309397020672
780940532129726495
695870467621519381
814582761536487474
265612004083892224
562601125820497920
590990501134467072
287700704859127810
797987204134600704
699668656099164281
602246429238493336
737049799613874297
573623796578254869
633125187335749643
784881589821505557
128367922920816640
819480325666504725
565121362117656576
253672185024086016
823194956172623872
502936014537621534
747521589712781444
538866294662103061
811047715269640202
796621846019178497
595013090366717962
751937659294711888
476768052294451201
545051289772490773
762980513786494977
786001833645965322
572828140800573450
729877830309249105
229279822013136906
245204881697275915
659179928549457931
532421850630979584
277204167175569408
345172653344030720
668301429936619521
400115563579572235
781223610593050635
283396145793990657
383299195894759424
810225617706024991
457364768207011841
761343920054599700
763801379554197514
790693769187950622
700748734006558782
692800483525525624
800062212159963146